1.2
11.9
-10.7
-14.3
15.4
-1.0
-0.8
1.2
13.5
16.7
-14.0
-18.7
18.7
19.0
3.5
19.7
2.4
-0.9
5.5
7.9
-1.9
-2.8
8.7
12.3
-14.9
-5.9
3.6
3.4
8.7
16.9
-4.8
-14.3
7.9
-5.9
9.7
8.7
-19.1
3.5
-9.3
-19.1
-5.6
-6.8
-11.6
-19.9
-13.7
-13.6
-10.9
-10.2
-3.7
3.7
8.3
7.2
-14.7
-18.5
2.9
4.5
6.9
-0.1
18.8
-15.4
-12.3
1.5
-8.3
6.4
-12.3
7.7
-5.0
-1.9
13.8
18.2
-10.6
-14.9
7.7
-13.9
7.0
-13.7
-2.3
5.2
15.8
-19.4
-13.9
-9.4
0.3
-4.4
9.9
-1.1
3.2
7.2
3.9
3.4
-15.0
-15.2
-16.4
4.3
-16.7
1.7
-10.8
5.6
-18.9
-18.2
-6.5
-11.9
-3.7
12.9
4.6
-2.1
4.3
-18.6
-2.5
10.5
7.7
-13.7
-2.0
10.1
-3.2
7.5
-12.1
-2.5
8.8
-7.7
-16.7
8.5
8.7
-9.8
19.6
8.4
-19.6
-10.0
19.7
-17.8
12.1
-2.7
-10.6
-2.8
12.1
18.7
8.2
-18.7
-12.7
-3.5
7.5
3.2
-8.9
12.6
10.5
19.9
-6.4
3.7
-17.3
-2.7
-5.0
-13.8
-15.7
-9.5
4.2
-15.9
-10.7
-7.7
9.4
-11.9
-1.6
8.6
-10.5
5.6
-12.0
-8.2
-19.9
8.1
-2.9
-9.9
-18.9
16.6
-3.7
9.7
-7.6
17.1
3.5
-8.1
-1.8
18.7
